- float: 4.990923778979106
  int: 0
  str: kjfsg
- float: 40.19639938831823
  int: 1
  str: alwki
- float: 93.90120006314108
  int: 2
  str: ddqja
- float: 1.0331429166547945
  int: 3
  str: kkosg
